0
0
0
0
0
0
0
0
0
0
0
0
0
0
0
0
0
0
0
0
0
0
0
0
0
0
0
0
0
0
0
0
0
0
0
0
0
0
0
0
0
0
0
0
0
0
0
0
0
0
0
0
0
0
0
0
0
0
0
0
0
0
0
0
0
0
0
0
0
0
0
0
0
0
0
0
0
0
0
0
0
0
0
0
0
0
0
0
0
0
0
0
0
0
0
0
0
0
0
0
0
0
0
0
0
0
0
0
0
0
0
0
0
0
0
0
0
0
0
0
0
0
0
0
0
0
0
0
0
0
0
0
0
0
0
0
0
0
0
0
0
0
0
0
0
0
0
0
0
0
0
0
0
0
0
0
0
0
0
0
0
0
0
0
0
0
0
0
0
0
0
0
0
0
0
0
0
0
0
0
0
0
0
0
0
0
0
0
0
0
0
0
0
0
0
0
0
0
0
0
0
0
0
0
0
0
0
0
0
0
0
0
0
0
0
0
0
0
0
0
0
0
0
0
0
0
0
0
0
0
0
0
0
0
0
0
0
0
0
0
0
0
0
0
0
0
0
0
0
0
0
0
0
0
0
0
0
0
0
0
0
0
0
0
0
0
0
0
0
0
0
0
0
0
0
0
0
0
0
0
0
0
0
0
0
0
0
0
0
0
0
0
0
0
0
0
0
0
0
0
0
0
0
0
0
0
0
0
0
0
0
0
0
0
0
0
0
0
0
0
0
0
0
0
0
0
0
0
0
0
0
0
0
0
0
0
0
0
0
0
0
0
0
0
0
0
0
0
0
0
0
0
0
0
0
0
0
0
0
0
0
0
0
0
0
0
0
0
0
0
0
0
0
0
0
0
0
0
0
0
0
0
0
0
0
0
0
0
0
0
0
0
0
0
0
0
0
0
0
0
0
0
0
0
0
0
0
0
0
0
0
0
0
0
0
0
0
0
0
0
0
0
0
0
0
0
0
0
0
0
0
0
0
0
0
0
0
0
0
0
0
0
0
0
0
0
0
0
0
0
0
0
0
0
0
0
0
0
0
0
0
0
0
0
0
0
0
0
0
0
0
0
0
0
0
0
0
0
0
0
0
0
0
0
0
0
0
0
0
0
0
0
0
0
0
0
0
0
0
0
0
0
0
0
0
0
0
0
0
0
0
0
0
0
0
0
0
0
0
0
0
0
0
0
0
0
0
0
0
0
0
0
0
0
0
0
0
0
0
0
0
0
0
0
0
0
0
0
0
0
0
0
0
0
0
0
0
0
0
0
0
0
0
0
0
0
0
0
0
0
0
0
0
0
0
0
0
0
0
0
0
0
0
0
0
0
0
0
0
0
0
0
0
0
0
0
0
0
0
0
0
0
0
0
0
0
0
0
0
0
0
0
0
0
0
0
0
0
0
0
0
0
0
0
0
0
0
0
0
0
0
0
0
0
0
0
0
0
0
0
0
0
0
0
0
0
0
0
0
0
0
0
0
0
0
0
0
0
0
0
0
0
0
0
0
0
0
0
0
0
0
0
0
0
0
0
0
0
0
0
0
0
0
0
0
0
0
0
0
0
0
0
0
0
0
0
0
0
0
0
0
0
0
0
0
0
0
0
0
0
0
0
0
0
0
0
0
0
0
0
0
0
0
0
0
0
0
0
0
0
0
0
0
0
0
0
0
0
0
0
0
0
0
0
0
0
0
0
0
0
0
0
0
0
0
0
0
0
0
0
0
0
0
0
0
0
0
0
0
0
0
0
0
0
0
0
0
0
0
0
0
0
0
0
0
0
0
0
0
0
0
0
0
0
0
0
0
0
0
0
0
0
0
0
0
0
0
0
0
0
0
0
0
0
0
0
0
0
0
0
0
0
0
0
0
0
0
0
0
0
0
0
0
0
0
0
0
0
0
0
0
0
0
0
0
0
0
0
0
0
0
0
0
0
0
0
0
0
0
0
0
0
0
0
0
0
0
0
0
0
0
0
0
0
0
0
0
0
0
0
0
0
0
0
0
0
0
0
0
0
0
0
0
0
0
0
0
0
0
0
0
0
0
0
0
0
0
0
0
0
0
0
0
0
0
0
0
0
0
0
0
0
0
0
0
0
0
0
0
0
0
0
0
0
0
0
0
0
0
0
0
0
0
0
0
0
0
0
0
0
0
0
0
0
0
0
0
0
0
0
0
0
0
0
0
0
0
0
0
0
0
0
0
0
0
0
0
0
0
0
0
0
0
0
0
0
0
0
0
0
0
0
0
0
0
0
0
0
0
0
0
0
0
0
0
0
0
0
0
0
0
0
0
0
0
0
0
0
0
0
0
0
0
0
0
0
0
0
0
0
0
0
0
0
0
0
0
0
0
0
0
0
0
0
0
0
0
0
0
0
0
0
0
0
0
0
0
0
0
0
0
0
0
0
0
0
0
0
0
0
0
1
1
1
1
1
1
1
1
1
1
1
1
1
1
1
1
1
1
1
1
1
1
1
1
1
1
1
1
1
1
1
1
1
1
1
1
1
1
1
1
1
1
1
1
1
1
1
1
1
1
1
1
1
1
1
1
1
1
1
1
1
1
1
1
2
2
2
2
2
2
2
2
2
2
2
2
2
2
2
2
2
2
2
2
2
2
2
2
2
2
2
2
2
2
2
2
2
2
2
2
2
2
3
3
3
3
3
3
3
3
3
3
3
3
3
3
3
3
3
3
3
3
3
3
3
3
3
3
3
3
4
4
4
4
4
4
4
4
4
4
4
4
4
4
4
4
4
4
4
4
4
4
5
5
5
5
5
5
5
5
5
5
5
5
5
5
5
5
5
5
5
6
6
6
6
6
6
6
6
6
6
6
6
6
6
6
7
7
7
7
7
7
7
7
7
7
7
7
7
7
8
8
8
8
8
8
8
8
8
8
8
8
9
9
9
9
9
9
9
9
9
9
9
10
10
10
10
10
10
10
10
10
10
10
11
11
11
11
11
11
11
11
11
12
12
12
12
12
12
12
12
12
13
13
13
13
13
13
13
13
14
14
14
14
14
14
14
15
15
15
15
15
15
15
16
16
16
16
16
16
16
17
17
17
17
17
17
18
18
18
18
18
18
19
19
19
19
19
19
20
20
20
20
20
20
21
21
21
21
21
22
22
22
22
22
23
23
23
23
23
24
24
24
24
25
25
25
25
25
26
26
26
26
27
27
27
27
27
28
28
28
28
29
29
29
29
30
30
30
30
31
31
31
32
32
32
32
33
33
33
34
34
34
34
35
35
35
36
36
36
36
37
37
37
38
38
38
39
39
39
40
40
40
41
41
41
42
42
42
43
43
43
44
44
45
45
45
46
46
46
47
47
48
48
48
49
49
50
50
50
51
51
52
52
52
53
53
54
54
55
55
55
56
56
57
57
58
58
59
59
60
60
61
61
61
62
62
63
63
64
64
65
65
66
67
67
68
68
69
69
70
70
71
71
72
72
73
74
74
75
75
76
76
77
78
78
79
79
80
81
81
82
83
83
84
84
85
86
86
87
88
88
89
90
90
91
92
92
93
94
94
95
96
97
97
98
99
99
100
101
102
102
103
104
105
106
106
107
108
109
109
110
111
112
113
113
114
115
116
117
118
119
119
120
121
122
123
124
125
125
126
127
128
129
130
131
132
133
134
135
136
137
138
139
140
141
141
142
143
144
145
147
148
149
150
151
152
153
154
155
156
157
158
159
160
161
162
164
165
166
167
168
169
170
172
173
174
175
176
177
179
180
181
182
183
185
186
187
188
190
191
192
194
195
196
197
199
200
201
203
204
205
207
208
209
211
212
214
215
216
218
219
221
222
223
225
226
228
229
231
232
234
235
237
238
240
241
243
244
246
248
249
251
252
254
256
257
259
260
262
264
265
267
269
270
272
274
275
277
279
281
282
284
286
288
289
291
293
295
296
298
300
302
304
306
308
309
311
313
315
317
319
321
323
325
327
329
331
332
334
336
338
340
342
345
347
349
351
353
355
357
359
361
363
365
367
370
372
374
376
378
381
383
385
387
389
392
394
396
398
401
403
405
408
410
412
415
417
419
422
424
426
429
431
434
436
439
441
443
446
448
451
453
456
458
461
464
466
469
471
474
476
479
482
484
487
490
492
495
498
500
503
506
508
511
514
517
519
522
525
528
531
534
536
539
542
545
548
551
554
556
559
562
565
568
571
574
577
580
583
586
589
592
595
598
601
605
608
611
614
617
620
623
627
630
633
636
639
643
646
649
652
656
659
662
665
669
672
675
679
682
685
689
692
696
699
702
706
709
713
716
720
723
727
730
734
737
741
744
748
752
755
759
762
766
770
773
777
781
784
788
792
796
799
803
807
811
814
818
822
826
830
833
837
841
845
849
853
857
860
864
868
872
876
880
884
888
892
896
900
904
908
912
916
921
925
929
933
937
941
945
949
954
958
962
966
970
975
979
983
987
992
996
1000
1004
1009
1013
1017
1022
1026
1030
1035
1039
1044
1048
1052
1057
1061
1066
1070
1075
1079
1083
1088
1092
1097
1102
1106
1111
1115
1120
1124
1129
1133
1138
1143
1147
1152
1157
1161
1166
1171
1175
1180
1185
1189
1194
1199
1204
1208
1213
1218
1223
1227
1232
1237
1242
1247
1251
1256
1261
1266
1271
1276
1281
1286
1290
1295
1300
1305
1310
1315
1320
1325
1330
1335
1340
1345
1350
1355
1360
1365
1370
1375
1380
1385
1390
1395
1400
1406
1411
1416
1421
1426
1431
1436
1441
1447
1452
1457
1462
1467
1472
1478
1483
1488
1493
1498
1504
1509
1514
1519
1525
1530
1535
1540
1546
1551
1556
1562
1567
1572
1577
1583
1588
1593
1599
1604
1609
1615
1620
1626
1631
1636
1642
1647
1652
1658
1663
1669
1674
1679
1685
1690
1696
1701
1707
1712
1717
1723
1728
1734
1739
1745
1750
1756
1761
1767
1772
1778
1783
1788
1794
1799
1805
1810
1816
1821
1827
1832
1838
1844
1849
1855
1860
1866
1871
1877
1882
1888
1893
1899
1904
1910
1915
1921
1926
1932
1938
1943
1949
1954
1960
1965
1971
1976
1982
1987
1993
1999
2004
2010
2015
2021
2026
2032
2037
2043
2048
2054
2060
2065
2071
2076
2082
2087
2093
2098
2104
2109
2115
2120
2126
2131
2137
2142
2148
2153
2159
2165
2170
2176
2181
2187
2192
2197
2203
2208
2214
2219
2225
2230
2236
2241
2247
2252
2258
2263
2269
2274
2279
2285
2290
2296
2301
2306
2312
2317
2323
2328
2333
2339
2344
2350
2355
2360
2366
2371
2376
2382
2387
2392
2398
2403
2408
2413
2419
2424
2429
2434
2440
2445
2450
2455
2461
2466
2471
2476
2481
2487
2492
2497
2502
2507
2512
2517
2523
2528
2533
2538
2543
2548
2553
2558
2563
2568
2573
2578
2583
2588
2593
2598
2603
2608
2613
2618
2623
2628
2633
2638
2642
2647
2652
2657
2662
2667
2671
2676
2681
2686
2690
2695
2700
2705
2709
2714
2719
2723
2728
2733
2737
2742
2746
2751
2756
2760
2765
2769
2774
2778
2783
2787
2792
2796
2801
2805
2809
2814
2818
2822
2827
2831
2835
2840
2844
2848
2852
2857
2861
2865
2869
2873
2878
2882
2886
2890
2894
2898
2902
2906
2910
2914
2918
2922
2926
2930
2934
2938
2942
2946
2949
2953
2957
2961
2965
2968
2972
2976
2980
2983
2987
2991
2994
2998
3001
3005
3009
3012
3016
3019
3023
3026
3029
3033
3036
3040
3043
3046
3050
3053
3056
3059
3063
3066
3069
3072
3075
3079
3082
3085
3088
3091
3094
3097
3100
3103
3106
3109
3112
3115
3117
3120
3123
3126
3129
3131
3134
3137
3139
3142
3145
3147
3150
3153
3155
3158
3160
3163
3165
3168
3170
3172
3175
3177
3179
3182
3184
3186
3189
3191
3193
3195
3197
3199
3201
3204
3206
3208
3210
3212
3214
3216
3217
3219
3221
3223
3225
3227
3228
3230
3232
3234
3235
3237
3238
3240
3242
3243
3245
3246
3248
3249
3251
3252
3253
3255
3256
3257
3259
3260
3261
3262
3264
3265
3266
3267
3268
3269
3270
3271
3272
3273
3274
3275
3276
3277
3277
3278
3279
3280
3281
3281
3282
3283
3283
3284
3284
3285
3285
3286
3286
3287
3287
3288
3288
3288
3289
3289
3289
3290
3290
3290
3290
3290
3291
3291
3291
3291
3291
3291
3291
3291
3291
3291
3290
3290
3290
3290
3290
3289
3289
3289
3288
3288
3288
3287
3287
3286
3286
3285
3285
3284
3284
3283
3282
3282
3281
3280
3280
3279
3278
3277
3276
3276
3275
3274
3273
3272
3271
3270
3269
3268
3267
3266
3264
3263
3262
3261
3260
3258
3257
3256
3255
3253
3252
3250
3249
3247
3246
3244
3243
3241
3240
3238
3237
3235
3233
3232
3230
3228
3226
3225
3223
3221
3219
3217
3215
3213
3211
3209
3207
3205
3203
3201
3199
3197
3195
3193
3190
3188
3186
3184
3181
3179
3177
3174
3172
3170
3167
3165
3162
3160
3157
3155
3152
3150
3147
3144
3142
3139
3136
3134
3131
3128
3125
3123
3120
3117
3114
3111
3108
3105
3102
3099
3096
3093
3090
3087
3084
3081
3078
3075
3072
3069
3065
3062
3059
3056
3052
3049
3046
3042
3039
3036
3032
3029
3025
3022
3018
3015
3011
3008
3004
3001
2997
2994
2990
2986
2983
2979
2975
2972
2968
2964
2960
2956
2953
2949
2945
2941
2937
2933
2929
2925
2922
2918
2914
2910
2906
2902
2897
2893
2889
2885
2881
2877
2873
2869
2864
2860
2856
2852
2848
2843
2839
2835
2830
2826
2822
2817
2813
2809
2804
2800
2795
2791
2786
2782
2778
2773
2768
2764
2759
2755
2750
2746
2741
2736
2732
2727
2723
2718
2713
2709
2704
2699
2694
2690
2685
2680
2675
2671
2666
2661
2656
2651
2646
2642
2637
2632
2627
2622
2617
2612
2607
2602
2597
2592
2587
2582
2577
2572
2567
2562
2557
2552
2547
2542
2537
2532
2527
2522
2517
2511
2506
2501
2496
2491
2486
2481
2475
2470
2465
2460
2455
2449
2444
2439
2434
2428
2423
2418
2412
2407
2402
2397
2391
2386
2381
2375
2370
2365
2359
2354
2349
2343
2338
2333
2327
2322
2316
2311
2306
2300
2295
2289
2284
2278
2273
2268
2262
2257
2251
2246
2240
2235
2229
2224
2219
2213
2208
2202
2197
2191
2186
2180
2175
2169
2164
2158
2153
2147
2142
2136
2131
2125
2119
2114
2108
2103
2097
2092
2086
2081
2075
2070
2064
2059
2053
2048
2042
2036
2031
2025
2020
2014
2009
2003
1998
1992
1987
1981
1975
1970
1964
1959
1953
1948
1942
1937
1931
1926
1920
1914
1909
1903
1898
1892
1887
1881
1876
1870
1865
1859
1854
1848
1843
1837
1832
1826
1821
1815
1810
1804
1799
1793
1788
1782
1777
1771
1766
1760
1755
1749
1744
1738
1733
1727
1722
1717
1711
1706
1700
1695
1689
1684
1679
1673
1668
1662
1657
1652
1646
1641
1635
1630
1625
1619
1614
1609
1603
1598
1593
1587
1582
1577
1571
1566
1561
1555
1550
1545
1540
1534
1529
1524
1518
1513
1508
1503
1498
1492
1487
1482
1477
1472
1466
1461
1456
1451
1446
1441
1435
1430
1425
1420
1415
1410
1405
1400
1394
1389
1384
1379
1374
1369
1364
1359
1354
1349
1344
1339
1334
1329
1324
1319
1314
1309
1304
1299
1295
1290
1285
1280
1275
1270
1265
1260
1255
1251
1246
1241
1236
1231
1227
1222
1217
1212
1208
1203
1198
1193
1189
1184
1179
1174
1170
1165
1160
1156
1151
1147
1142
1137
1133
1128
1124
1119
1114
1110
1105
1101
1096
1092
1087
1083
1078
1074
1069
1065
1060
1056
1052
1047
1043
1038
1034
1030
1025
1021
1017
1012
1008
1004
999
995
991
987
982
978
974
970
965
961
957
953
949
945
940
936
932
928
924
920
916
912
908
904
900
896
892
888
884
880
876
872
868
864
860
856
852
848
844
840
837
833
829
825
821
817
814
810
806
802
799
795
791
787
784
780
776
773
769
765
762
758
755
751
747
744
740
737
733
730
726
723
719
716
712
709
705
702
698
695
692
688
685
682
678
675
671
668
665
662
658
655
652
648
645
642
639
636
632
629
626
623
620
617
613
610
607
604
601
598
595
592
589
586
583
580
577
574
571
568
565
562
559
556
553
550
547
544
542
539
536
533
530
527
525
522
519
516
514
511
508
505
503
500
497
495
492
489
487
484
481
479
476
473
471
468
466
463
461
458
456
453
451
448
446
443
441
438
436
433
431
428
426
424
421
419
417
414
412
410
407
405
403
400
398
396
393
391
389
387
385
382
380
378
376
374
371
369
367
365
363
361
359
357
354
352
350
348
346
344
342
340
338
336
334
332
330
328
326
324
322
320
319
317
315
313
311
309
307
305
303
302
300
298
296
294
293
291
289
287
285
284
282
280
279
277
275
273
272
270
268
267
265
263
262
260
258
257
255
254
252
250
249
247
246
244
243
241
240
238
237
235
234
232
231
229
228
226
225
223
222
220
219
218
216
215
213
212
211
209
208
206
205
204
202
201
200
199
197
196
195
193
192
191
190
188
187
186
185
183
182
181
180
178
177
176
175
174
173
171
170
169
168
167
166
165
163
162
161
160
159
158
157
156
155
154
153
152
150
149
148
147
146
145
144
143
142
141
140
139
138
137
136
136
135
134
133
132
131
130
129
128
127
126
125
124
124
123
122
121
120
119
118
118
117
116
115
114
113
113
112
111
110
109
109
108
107
106
105
105
104
103
102
102
101
100
99
99
98
97
96
96
95
94
94
93
92
92
91
90
90
89
88
88
87
86
86
85
84
84
83
82
82
81
81
80
79
79
78
78
77
76
76
75
75
74
73
73
72
72
71
71
70
70
69
69
68
67
67
66
66
65
65
64
64
63
63
62
62
61
61
60
60
60
59
59
58
58
57
57
56
56
55
55
55
54
54
53
53
52
52
52
51
51
50
50
49
49
49
48
48
48
47
47
46
46
46
45
45
44
44
44
43
43
43
42
42
42
41
41
41
40
40
40
39
39
39
38
38
38
37
37
37
36
36
36
36
35
35
35
34
34
34
33
33
33
33
32
32
32
32
31
31
31
30
30
30
30
29
29
29
29
28
28
28
28
27
27
27
27
26
26
26
26
26
25
25
25
25
24
24
24
24
24
23
23
23
23
23
22
22
22
22
22
21
21
21
21
21
20
20
20
20
20
20
19
19
19
19
19
19
18
18
18
18
18
18
17
17
17
17
17
17
16
16
16
16
16
16
16
15
15
15
15
15
15
15
14
14
14
14
14
14
14
13
13
13
13
13
13
13
13
12
12
12
12
12
12
12
12
12
11
11
11
11
11
11
11
11
11
10
10
10
10
10
10
10
10
10
10
9
9
9
9
9
9
9
9
9
9
9
8
8
8
8
8
8
8
8
8
8
8
8
8
7
7
7
7
7
7
7
7
7
7
7
7
7
7
6
6
6
6
6
6
6
6
6
6
6
6
6
6
6
5
5
5
5
5
5
5
5
5
5
5
5
5
5
5
5
5
5
5
4
4
4
4
4
4
4
4
4
4
4
4
4
4
4
4
4
4
4
4
4
4
3
3
3
3
3
3
3
3
3
3
3
3
3
3
3
3
3
3
3
3
3
3
3
3
3
3
3
3
2
2
2
2
2
2
2
2
2
2
2
2
2
2
2
2
2
2
2
2
2
2
2
2
2
2
2
2
2
2
2
2
2
2
2
2
2
2
1
1
1
1
1
1
1
1
1
1
1
1
1
1
1
1
1
1
1
1
1
1
1
1
1
1
1
1
1
1
1
1
1
1
1
1
1
1
1
1
1
1
1
1
1
1
1
1
1
1
1
1
1
1
1
1
1
1
1
1
1
1
1
0
0
0
0
0
0
0
0
0
0
0
0
0
0
0
0
0
0
0
0
0
0
0
0
0
0
0
0
0
0
0
0
0
0
0
0
0
0
0
0
0
0
0
0
0
0
0
0
0
0
0
0
0
0
0
0
0
0
0
0
0
0
0
0
0
0
0
0
0
0
0
0
0
0
0
0
0
0
0
0
0
0
0
0
0
0
0
0
0
0
0
0
0
0
0
0
0
0
0
0
0
0
0
0
0
0
0
0
0
0
0
0
0
0
0
0
0
0
0
0
0
0
0
0
0
0
0
0
0
0
0
0
0
0
0
0
0
0
0
0
0
0
0
0
0
0
0
0
0
0
0
0
0
0
0
0
0
0
0
0
0
0
0
0
0
0
0
0
0
0
0
0
0
0
0
0
0
0
0
0
0
0
0
0
0
0
0
0
0
0
0
0
0
0
0
0
0
0
0
0
0
0
0
0
0
0
0
0
0
0
0
0
0
0
0
0
0
0
0
0
0
0
0
0
0
0
0
0
0
0
0
0
0
0
0
0
0
0
0
0
0
0
0
0
0
0
0
0
0
0
0
0
0
0
0
0
0
0
0
0
0
0
0
0
0
0
0
0
0
0
0
0
0
0
0
0
0
0
0
0
0
0
0
0
0
0
0
0
0
0
0
0
0
0
0
0
0
0
0
0
0
0
0
0
0
0
0
0
0
0
0
0
0
0
0
0
0
0
0
0
0
0
0
0
0
0
0
0
0
0
0
0
0
0
0
0
0
0
0
0
0
0
0
0
0
0
0
0
0
0
0
0
